mean: 0.4813578596506378
split0: 0.46365931122132603
split1: 0.48207108540345256
split2: 0.5193959472344681
split3: 0.48926891776770703
split4: 0.45239403662623534
