mean: 0.6238225806056364
split0: 0.6120583993604345
split1: 0.5905536313241251
split2: 0.6452076797030062
split3: 0.6327082069324217
split4: 0.6385849857081951
